$ 1 0.000005 10.20027730826997 50 5 50 5e-11
151 320 272 432 272 0 2 5 5
151 320 144 432 144 0 2 0 5
w 432 144 432 176 0
w 432 176 320 240 0
w 432 272 432 240 0
w 432 240 320 176 0
w 320 176 320 160 0
w 320 240 320 256 0
151 160 144 272 144 0 2 5 5
151 160 48 272 48 0 2 0 5
151 160 272 272 272 0 3 5 5
151 160 368 272 368 0 2 5 5
w 160 64 160 80 0
w 160 80 272 112 0
w 160 128 160 112 0
w 160 112 272 80 0
w 272 80 272 48 0
w 160 288 160 304 0
w 160 304 272 336 0
w 272 336 272 368 0
w 160 352 160 336 0
w 160 336 272 304 0
w 272 128 320 128 0
w 272 288 320 288 0
w 272 176 160 240 0
w 160 32 128 32 0
w 128 416 272 416 0
w 160 272 96 272 0
w 96 160 160 160 0
w 160 384 96 384 0
L 96 384 32 384 0 0 false 5 0
R 96 272 32 272 1 2 100 2.5 2.5 0 0.5
M 432 144 496 144 0 2.5
M 432 272 496 272 0 2.5
w 96 160 96 272 0
w 160 256 160 240 0
w 272 144 272 176 0
w 272 368 272 416 0
w 128 416 128 32 0
w 272 112 272 128 0
w 272 128 272 144 0
w 272 272 272 288 0
w 272 288 272 304 0
o 30 64 0 4102 5 0.00009765625 0 2 30 3 D
o 32 64 0 4102 5 0.00009765625 0 1 Q
o 31 64 0 4102 5 0.00009765625 0 2 31 3 clk
